---Probability averaging ensemble---

Accuracy: 0.8695105334870559
Mcc Score: 0.8438729523291866
Precision: 0.870824690479077
Recall: 0.8695105334870559
F1_score: 0.8692333278130143
classification_report:                precision    recall  f1-score   support

           0     0.9853    0.9803    0.9828      1571
           1     0.9893    0.9905    0.9899      1586
           2     0.9043    0.8791    0.8915      1613
           3     0.6953    0.6181    0.6544      1584
           4     0.6842    0.7804    0.7291      1585
           5     0.9658    0.9682    0.9670      1602

    accuracy                         0.8695      9541
   macro avg     0.8707    0.8694    0.8691      9541
weighted avg     0.8708    0.8695    0.8692      9541

[[1540    2    2   17   10    0]
 [   0 1571    1    3    6    5]
 [   0    3 1418  117   74    1]
 [  14    6   65  979  474   46]
 [   9    2   80  254 1237    3]
 [   0    4    2   38    7 1551]]