---Probability averaging ensemble---

Accuracy: 0.8363903154805576
Mcc Score: 0.8060456683929009
Precision: 0.8388020370535607
Recall: 0.8363903154805576
F1_score: 0.8327672012520112
classification_report:

               precision   recall   f1-score   support
           0     0.9590    0.9822    0.9704      1571
           1     0.9769    0.9849    0.9808      1586
           2     0.8813    0.8289    0.8543      1613
           3     0.6619    0.4697    0.5495      1584
           4     0.6053    0.7855    0.6837      1585
           5     0.9474    0.9669    0.9571      1602

    accuracy                         0.8364      9541
   macro avg     0.8386    0.8363    0.8326      9541
weighted avg     0.8388    0.8364    0.8328      9541

[[1543    3    4    6   11    4]
 [   3 1562    3    5    7    6]
 [   3    4 1337  118  147    4]
 [  46   14   75  744  638   67]
 [  14   11   94  216 1245    5]
 [   0    5    4   35    9 1549]]